
X 34 
Y 16 
C 15 
XS 64 
YS 64 
N prototype.png 
CX 32 
CY 32 
MapChip 1 1 1 1 1 1 1 1 1 1 1 1 1 1 1 1 1 1 1 1 1 1 1 1 1 1 1 1 1 1 1 1 1 1 
MapChip 1 0 0 0 0 0 0 0 0 0 0 0 0 0 0 0 0 0 0 0 0 0 0 0 0 0 0 0 0 0 0 0 1 1 
MapChip 1 0 0 0 0 0 0 0 0 0 0 0 0 0 0 0 0 0 0 0 0 0 0 0 0 0 0 0 0 0 0 0 1 1 
MapChip 1 0 0 0 0 0 0 0 0 0 0 0 0 0 0 0 0 0 0 0 0 0 0 0 0 0 0 0 0 0 0 0 1 1 
MapChip 1 0 0 0 0 0 0 0 0 0 1 0 0 0 0 0 0 0 0 0 0 0 1 1 1 1 1 0 0 0 1 1 1 1 
MapChip 1 0 0 0 0 0 0 0 0 1 1 1 0 0 0 0 0 0 0 0 0 1 1 1 1 1 1 0 0 0 1 1 1 1 
MapChip 1 1 1 1 1 1 2 2 1 1 1 1 1 1 1 8 1 1 1 0 1 1 1 1 1 1 1 1 0 1 1 1 1 1 
MapChip 1 1 1 1 1 1 0 0 1 1 1 11 0 0 0 7 0 0 0 0 4 0 0 0 0 0 0 0 0 0 0 1 1 1 
MapChip 1 1 1 1 1 1 0 0 1 1 1 0 0 0 0 7 0 0 0 9 4 0 0 0 0 0 0 0 0 0 0 1 1 1 
MapChip 1 1 1 1 1 1 0 0 1 1 1 0 0 0 0 8 1 1 1 1 1 1 1 1 1 1 1 0 0 0 0 1 1 1 
MapChip 1 1 1 1 1 1 0 0 1 1 1 0 0 0 0 7 0 0 0 12 1 1 1 1 1 1 1 0 0 0 0 1 1 1 
MapChip 1 1 1 1 1 1 0 0 1 1 1 0 0 0 0 7 0 0 0 0 1 1 1 1 1 1 1 0 0 0 0 1 1 1 
MapChip 1 1 1 1 1 1 0 0 0 0 0 0 0 0 0 7 0 0 0 0 1 1 1 1 1 1 1 0 0 0 0 1 1 1 
MapChip 1 1 1 1 1 1 0 0 0 0 0 0 0 0 0 7 0 0 0 0 1 1 1 1 1 1 1 0 0 0 0 1 1 1 
MapChip 1 1 1 1 1 1 0 0 0 0 0 0 9 0 0 7 0 0 0 0 1 1 1 1 1 1 1 0 0 0 0 1 1 1 
MapChip 1 1 1 1 1 1 6 6 1 1 1 1 1 1 1 1 1 1 10 10 1 1 1 1 1 1 1 1 1 1 1 1 1 1 